1.268923 0.000000 
-1.241812 -0.003810 
1.269220 0.007788 
-1.241100 -0.011423 
1.270208 0.015589 
-1.239464 -0.019015 
1.272262 0.023422 
-1.236274 -0.026554 
1.276451 0.031335 
-1.229617 -0.033960 
1.286504 0.039482 
-1.211208 -0.040891 
1.323592 0.048751 
-0.314948 -0.012568 
-0.075766 -0.003256 
-0.039928 -0.001839 
-0.026241 -0.001289 
-0.019160 -0.001000 
-0.014876 -0.000822 
-0.012024 -0.000702 
-0.009998 -0.000614 
-0.008492 -0.000548 
-0.007332 -0.000496 
-0.006414 -0.000453 
-0.005672 -0.000418 
-0.005061 -0.000389 
-0.004550 -0.000364 
-0.004118 -0.000342 
-0.003748 -0.000323 
-0.003429 -0.000306 
-0.003151 -0.000291 
-0.002907 -0.000277 
-0.002691 -0.000265 
-0.002500 -0.000254 
-0.002329 -0.000244 
-0.002176 -0.000235 
-0.002038 -0.000226 
-0.001913 -0.000218 
-0.001800 -0.000211 
-0.001696 -0.000204 
-0.001602 -0.000198 
-0.001515 -0.000192 
-0.001436 -0.000186 
-0.001362 -0.000181 
-0.001294 -0.000176 
-0.001232 -0.000171 
-0.001173 -0.000167 
-0.001119 -0.000162 
-0.001069 -0.000159 
-0.001022 -0.000155 
-0.000978 -0.000151 
-0.000936 -0.000148 
-0.000898 -0.000144 
-0.000861 -0.000141 
-0.000827 -0.000138 
-0.000795 -0.000135 
-0.000765 -0.000133 
-0.000736 -0.000130 
-0.000709 -0.000128 
-0.000684 -0.000125 
-0.000659 -0.000123 
-0.000636 -0.000121 
-0.000615 -0.000118 
-0.000594 -0.000116 
-0.000574 -0.000114 
-0.000556 -0.000112 
-0.000538 -0.000110 
-0.000521 -0.000109 
-0.000505 -0.000107 
-0.000489 -0.000105 
-0.000474 -0.000103 
-0.000460 -0.000102 
-0.000447 -0.000100 
-0.000434 -0.000099 
-0.000421 -0.000097 
-0.000409 -0.000096 
-0.000398 -0.000094 
-0.000387 -0.000093 
-0.000376 -0.000092 
-0.000366 -0.000091 
-0.000357 -0.000089 
-0.000347 -0.000088 
-0.000338 -0.000087 
-0.000330 -0.000086 
-0.000321 -0.000085 
-0.000313 -0.000084 
-0.000305 -0.000083 
-0.000298 -0.000081 
-0.000291 -0.000080 
-0.000284 -0.000079 
-0.000277 -0.000079 
-0.000271 -0.000078 
-0.000264 -0.000077 
-0.000258 -0.000076 
-0.000252 -0.000075 
-0.000247 -0.000074 
-0.000241 -0.000073 
-0.000236 -0.000072 
-0.000231 -0.000072 
-0.000226 -0.000071 
-0.000221 -0.000070 
-0.000216 -0.000069 
-0.000211 -0.000068 
-0.000207 -0.000068 
-0.000203 -0.000067 
-0.000199 -0.000066 
-0.000195 -0.000066 
-0.000191 -0.000065 
-0.000187 -0.000064 
-0.000183 -0.000064 
-0.000179 -0.000063 
-0.000176 -0.000062 
-0.000172 -0.000062 
-0.000169 -0.000061 
-0.000166 -0.000061 
-0.000163 -0.000060 
-0.000160 -0.000059 
-0.000157 -0.000059 
-0.000154 -0.000058 
-0.000151 -0.000058 
-0.000148 -0.000057 
-0.000145 -0.000057 
-0.000143 -0.000056 
-0.000140 -0.000056 
-0.000138 -0.000055 
-0.000135 -0.000055 
-0.000133 -0.000054 
-0.000131 -0.000054 
-0.000128 -0.000053 
-0.000126 -0.000053 
-0.000124 -0.000052 
-0.000122 -0.000052 
-0.000120 -0.000051 
-0.000118 -0.000051 
-0.000116 -0.000050 
-0.000114 -0.000050 
-0.000112 -0.000050 
-0.000110 -0.000049 
-0.000108 -0.000049 
-0.000106 -0.000048 
-0.000105 -0.000048 
-0.000103 -0.000048 
-0.000101 -0.000047 
-0.000100 -0.000047 
-0.000098 -0.000046 
-0.000097 -0.000046 
-0.000095 -0.000046 
-0.000094 -0.000045 
-0.000092 -0.000045 
-0.000091 -0.000045 
-0.000089 -0.000044 
-0.000088 -0.000044 
-0.000087 -0.000044 
-0.000085 -0.000043 
-0.000084 -0.000043 
-0.000083 -0.000043 
-0.000081 -0.000042 
-0.000080 -0.000042 
-0.000079 -0.000042 
-0.000078 -0.000041 
-0.000077 -0.000041 
-0.000076 -0.000041 
-0.000075 -0.000040 
-0.000073 -0.000040 
-0.000072 -0.000040 
-0.000071 -0.000040 
-0.000070 -0.000039 
-0.000069 -0.000039 
-0.000068 -0.000039 
-0.000067 -0.000038 
-0.000066 -0.000038 
-0.000065 -0.000038 
-0.000064 -0.000038 
-0.000064 -0.000037 
-0.000063 -0.000037 
-0.000062 -0.000037 
-0.000061 -0.000037 
-0.000060 -0.000036 
-0.000059 -0.000036 
-0.000058 -0.000036 
-0.000058 -0.000036 
-0.000057 -0.000035 
-0.000056 -0.000035 
-0.000055 -0.000035 
-0.000055 -0.000035 
-0.000054 -0.000034 
-0.000053 -0.000034 
-0.000052 -0.000034 
-0.000052 -0.000034 
-0.000051 -0.000033 
-0.000050 -0.000033 
-0.000050 -0.000033 
-0.000049 -0.000033 
-0.000048 -0.000033 
-0.000048 -0.000032 
-0.000047 -0.000032 
-0.000046 -0.000032 
-0.000046 -0.000032 
-0.000045 -0.000031 
-0.000045 -0.000031 
-0.000044 -0.000031 
-0.000044 -0.000031 
-0.000043 -0.000031 
-0.000042 -0.000030 
-0.000042 -0.000030 
-0.000041 -0.000030 
-0.000041 -0.000030 
-0.000040 -0.000030 
-0.000040 -0.000029 
-0.000039 -0.000029 
-0.000039 -0.000029 
-0.000038 -0.000029 
-0.000038 -0.000029 
-0.000037 -0.000029 
-0.000037 -0.000028 
-0.000036 -0.000028 
-0.000036 -0.000028 
-0.000035 -0.000028 
-0.000035 -0.000028 
-0.000035 -0.000027 
-0.000034 -0.000027 
-0.000034 -0.000027 
-0.000033 -0.000027 
-0.000033 -0.000027 
-0.000032 -0.000027 
-0.000032 -0.000026 
-0.000032 -0.000026 
-0.000031 -0.000026 
-0.000031 -0.000026 
-0.000030 -0.000026 
-0.000030 -0.000026 
-0.000030 -0.000025 
-0.000029 -0.000025 
-0.000029 -0.000025 
-0.000029 -0.000025 
-0.000028 -0.000025 
-0.000028 -0.000025 
-0.000028 -0.000025 
-0.000027 -0.000024 
-0.000027 -0.000024 
-0.000027 -0.000024 
-0.000026 -0.000024 
-0.000026 -0.000024 
-0.000026 -0.000024 
-0.000025 -0.000024 
-0.000025 -0.000023 
-0.000025 -0.000023 
-0.000024 -0.000023 
-0.000024 -0.000023 
-0.000024 -0.000023 
-0.000024 -0.000023 
-0.000023 -0.000023 
-0.000023 -0.000022 
-0.000023 -0.000022 
-0.000022 -0.000022 
-0.000022 -0.000022 
-0.000022 -0.000022 
-0.000022 -0.000022 
-0.000021 -0.000022 
-0.000021 -0.000021 
-0.000021 -0.000021 
-0.000021 -0.000021 
-0.000020 -0.000021 
-0.000020 -0.000021 
-0.000020 -0.000021 
-0.000020 -0.000021 
-0.000019 -0.000021 
-0.000019 -0.000020 
-0.000019 -0.000020 
-0.000019 -0.000020 
-0.000018 -0.000020 
-0.000018 -0.000020 
-0.000018 -0.000020 
-0.000018 -0.000020 
-0.000017 -0.000020 
-0.000017 -0.000019 
-0.000017 -0.000019 
-0.000017 -0.000019 
-0.000017 -0.000019 
-0.000016 -0.000019 
-0.000016 -0.000019 
-0.000016 -0.000019 
-0.000016 -0.000019 
-0.000016 -0.000018 
-0.000015 -0.000018 
-0.000015 -0.000018 
-0.000015 -0.000018 
-0.000015 -0.000018 
-0.000015 -0.000018 
-0.000015 -0.000018 
-0.000014 -0.000018 
-0.000014 -0.000018 
-0.000014 -0.000017 
-0.000014 -0.000017 
-0.000014 -0.000017 
-0.000013 -0.000017 
-0.000013 -0.000017 
-0.000013 -0.000017 
-0.000013 -0.000017 
-0.000013 -0.000017 
-0.000013 -0.000017 
-0.000012 -0.000016 
-0.000012 -0.000016 
-0.000012 -0.000016 
-0.000012 -0.000016 
-0.000012 -0.000016 
-0.000012 -0.000016 
-0.000012 -0.000016 
-0.000011 -0.000016 
-0.000011 -0.000016 
-0.000011 -0.000016 
-0.000011 -0.000015 
-0.000011 -0.000015 
-0.000011 -0.000015 
-0.000011 -0.000015 
-0.000010 -0.000015 
-0.000010 -0.000015 
-0.000010 -0.000015 
-0.000010 -0.000015 
-0.000010 -0.000015 
-0.000010 -0.000015 
-0.000010 -0.000014 
-0.000009 -0.000014 
-0.000009 -0.000014 
-0.000009 -0.000014 
-0.000009 -0.000014 
-0.000009 -0.000014 
-0.000009 -0.000014 
-0.000009 -0.000014 
-0.000009 -0.000014 
-0.000009 -0.000014 
-0.000008 -0.000014 
-0.000008 -0.000013 
-0.000008 -0.000013 
-0.000008 -0.000013 
-0.000008 -0.000013 
-0.000008 -0.000013 
-0.000008 -0.000013 
-0.000008 -0.000013 
-0.000008 -0.000013 
-0.000007 -0.000013 
-0.000007 -0.000013 
-0.000007 -0.000013 
-0.000007 -0.000012 
-0.000007 -0.000012 
-0.000007 -0.000012 
-0.000007 -0.000012 
-0.000007 -0.000012 
-0.000007 -0.000012 
-0.000007 -0.000012 
-0.000006 -0.000012 
-0.000006 -0.000012 
-0.000006 -0.000012 
-0.000006 -0.000012 
-0.000006 -0.000011 
-0.000006 -0.000011 
-0.000006 -0.000011 
-0.000006 -0.000011 
-0.000006 -0.000011 
-0.000006 -0.000011 
-0.000006 -0.000011 
-0.000005 -0.000011 
-0.000005 -0.000011 
-0.000005 -0.000011 
-0.000005 -0.000011 
-0.000005 -0.000011 
-0.000005 -0.000010 
-0.000005 -0.000010 
-0.000005 -0.000010 
-0.000005 -0.000010 
-0.000005 -0.000010 
-0.000005 -0.000010 
-0.000005 -0.000010 
-0.000005 -0.000010 
-0.000004 -0.000010 
-0.000004 -0.000010 
-0.000004 -0.000010 
-0.000004 -0.000010 
-0.000004 -0.000010 
-0.000004 -0.000009 
-0.000004 -0.000009 
-0.000004 -0.000009 
-0.000004 -0.000009 
-0.000004 -0.000009 
-0.000004 -0.000009 
-0.000004 -0.000009 
-0.000004 -0.000009 
-0.000004 -0.000009 
-0.000003 -0.000009 
-0.000003 -0.000009 
-0.000003 -0.000009 
-0.000003 -0.000008 
-0.000003 -0.000008 
-0.000003 -0.000008 
-0.000003 -0.000008 
-0.000003 -0.000008 
-0.000003 -0.000008 
-0.000003 -0.000008 
-0.000003 -0.000008 
-0.000003 -0.000008 
-0.000003 -0.000008 
-0.000003 -0.000008 
-0.000003 -0.000008 
-0.000003 -0.000008 
-0.000003 -0.000008 
-0.000003 -0.000007 
-0.000002 -0.000007 
-0.000002 -0.000007 
-0.000002 -0.000007 
-0.000002 -0.000007 
-0.000002 -0.000007 
-0.000002 -0.000007 
-0.000002 -0.000007 
-0.000002 -0.000007 
-0.000002 -0.000007 
-0.000002 -0.000007 
-0.000002 -0.000007 
-0.000002 -0.000007 
-0.000002 -0.000006 
-0.000002 -0.000006 
-0.000002 -0.000006 
-0.000002 -0.000006 
-0.000002 -0.000006 
-0.000002 -0.000006 
-0.000002 -0.000006 
-0.000002 -0.000006 
-0.000002 -0.000006 
-0.000002 -0.000006 
-0.000002 -0.000006 
-0.000001 -0.000006 
-0.000001 -0.000006 
-0.000001 -0.000006 
-0.000001 -0.000005 
-0.000001 -0.000005 
-0.000001 -0.000005 
-0.000001 -0.000005 
-0.000001 -0.000005 
-0.000001 -0.000005 
-0.000001 -0.000005 
-0.000001 -0.000005 
-0.000001 -0.000005 
-0.000001 -0.000005 
-0.000001 -0.000005 
-0.000001 -0.000005 
-0.000001 -0.000005 
-0.000001 -0.000005 
-0.000001 -0.000004 
-0.000001 -0.000004 
-0.000001 -0.000004 
-0.000001 -0.000004 
-0.000001 -0.000004 
-0.000001 -0.000004 
-0.000001 -0.000004 
-0.000001 -0.000004 
-0.000001 -0.000004 
-0.000001 -0.000004 
-0.000001 -0.000004 
-0.000001 -0.000004 
-0.000001 -0.000004 
-0.000001 -0.000004 
-0.000001 -0.000004 
-0.000001 -0.000003 
-0.000001 -0.000003 
-0.000001 -0.000003 
-0.000000 -0.000003 
-0.000000 -0.000003 
-0.000000 -0.000003 
-0.000000 -0.000003 
-0.000000 -0.000003 
-0.000000 -0.000003 
-0.000000 -0.000003 
-0.000000 -0.000003 
-0.000000 -0.000003 
-0.000000 -0.000003 
-0.000000 -0.000003 
-0.000000 -0.000002 
-0.000000 -0.000002 
-0.000000 -0.000002 
-0.000000 -0.000002 
-0.000000 -0.000002 
-0.000000 -0.000002 
-0.000000 -0.000002 
-0.000000 -0.000002 
-0.000000 -0.000002 
-0.000000 -0.000002 
-0.000000 -0.000002 
-0.000000 -0.000002 
-0.000000 -0.000002 
-0.000000 -0.000002 
-0.000000 -0.000002 
-0.000000 -0.000001 
-0.000000 -0.000001 
-0.000000 -0.000001 
-0.000000 -0.000001 
-0.000000 -0.000001 
-0.000000 -0.000001 
-0.000000 -0.000001 
-0.000000 -0.000001 
-0.000000 -0.000001 
-0.000000 -0.000001 
-0.000000 -0.000001 
-0.000000 -0.000001 
-0.000000 -0.000001 
-0.000000 -0.000001 
-0.000000 -0.000001 
-0.000000 -0.000000 
-0.000000 -0.000000 
-0.000000 -0.000000 
-0.000000 -0.000000 
-0.000000 -0.000000 
-0.000000 -0.000000 
-0.000000 -0.000000 
-0.000000 0.000000 
-0.000000 0.000000 
-0.000000 0.000000 
-0.000000 0.000000 
-0.000000 0.000000 
-0.000000 0.000000 
-0.000000 0.000000 
-0.000000 0.000000 
-0.000000 0.000001 
-0.000000 0.000001 
-0.000000 0.000001 
-0.000000 0.000001 
-0.000000 0.000001 
-0.000000 0.000001 
-0.000000 0.000001 
-0.000000 0.000001 
-0.000000 0.000001 
-0.000000 0.000001 
-0.000000 0.000001 
-0.000000 0.000001 
-0.000000 0.000001 
-0.000000 0.000001 
-0.000000 0.000001 
-0.000000 0.000002 
-0.000000 0.000002 
-0.000000 0.000002 
-0.000000 0.000002 
-0.000000 0.000002 
-0.000000 0.000002 
-0.000000 0.000002 
-0.000000 0.000002 
-0.000000 0.000002 
-0.000000 0.000002 
-0.000000 0.000002 
-0.000000 0.000002 
-0.000000 0.000002 
-0.000000 0.000002 
-0.000000 0.000002 
-0.000000 0.000003 
-0.000000 0.000003 
-0.000000 0.000003 
-0.000000 0.000003 
-0.000000 0.000003 
-0.000000 0.000003 
-0.000000 0.000003 
-0.000000 0.000003 
-0.000000 0.000003 
-0.000000 0.000003 
-0.000000 0.000003 
-0.000001 0.000003 
-0.000001 0.000003 
-0.000001 0.000003 
-0.000001 0.000004 
-0.000001 0.000004 
-0.000001 0.000004 
-0.000001 0.000004 
-0.000001 0.000004 
-0.000001 0.000004 
-0.000001 0.000004 
-0.000001 0.000004 
-0.000001 0.000004 
-0.000001 0.000004 
-0.000001 0.000004 
-0.000001 0.000004 
-0.000001 0.000004 
-0.000001 0.000004 
-0.000001 0.000004 
-0.000001 0.000005 
-0.000001 0.000005 
-0.000001 0.000005 
-0.000001 0.000005 
-0.000001 0.000005 
-0.000001 0.000005 
-0.000001 0.000005 
-0.000001 0.000005 
-0.000001 0.000005 
-0.000001 0.000005 
-0.000001 0.000005 
-0.000001 0.000005 
-0.000001 0.000005 
-0.000001 0.000005 
-0.000001 0.000006 
-0.000001 0.000006 
-0.000001 0.000006 
-0.000002 0.000006 
-0.000002 0.000006 
-0.000002 0.000006 
-0.000002 0.000006 
-0.000002 0.000006 
-0.000002 0.000006 
-0.000002 0.000006 
-0.000002 0.000006 
-0.000002 0.000006 
-0.000002 0.000006 
-0.000002 0.000006 
-0.000002 0.000007 
-0.000002 0.000007 
-0.000002 0.000007 
-0.000002 0.000007 
-0.000002 0.000007 
-0.000002 0.000007 
-0.000002 0.000007 
-0.000002 0.000007 
-0.000002 0.000007 
-0.000002 0.000007 
-0.000002 0.000007 
-0.000002 0.000007 
-0.000003 0.000007 
-0.000003 0.000008 
-0.000003 0.000008 
-0.000003 0.000008 
-0.000003 0.000008 
-0.000003 0.000008 
-0.000003 0.000008 
-0.000003 0.000008 
-0.000003 0.000008 
-0.000003 0.000008 
-0.000003 0.000008 
-0.000003 0.000008 
-0.000003 0.000008 
-0.000003 0.000008 
-0.000003 0.000008 
-0.000003 0.000009 
-0.000003 0.000009 
-0.000003 0.000009 
-0.000004 0.000009 
-0.000004 0.000009 
-0.000004 0.000009 
-0.000004 0.000009 
-0.000004 0.000009 
-0.000004 0.000009 
-0.000004 0.000009 
-0.000004 0.000009 
-0.000004 0.000009 
-0.000004 0.000010 
-0.000004 0.000010 
-0.000004 0.000010 
-0.000004 0.000010 
-0.000004 0.000010 
-0.000005 0.000010 
-0.000005 0.000010 
-0.000005 0.000010 
-0.000005 0.000010 
-0.000005 0.000010 
-0.000005 0.000010 
-0.000005 0.000010 
-0.000005 0.000010 
-0.000005 0.000011 
-0.000005 0.000011 
-0.000005 0.000011 
-0.000005 0.000011 
-0.000005 0.000011 
-0.000006 0.000011 
-0.000006 0.000011 
-0.000006 0.000011 
-0.000006 0.000011 
-0.000006 0.000011 
-0.000006 0.000011 
-0.000006 0.000011 
-0.000006 0.000012 
-0.000006 0.000012 
-0.000006 0.000012 
-0.000006 0.000012 
-0.000007 0.000012 
-0.000007 0.000012 
-0.000007 0.000012 
-0.000007 0.000012 
-0.000007 0.000012 
-0.000007 0.000012 
-0.000007 0.000012 
-0.000007 0.000013 
-0.000007 0.000013 
-0.000007 0.000013 
-0.000008 0.000013 
-0.000008 0.000013 
-0.000008 0.000013 
-0.000008 0.000013 
-0.000008 0.000013 
-0.000008 0.000013 
-0.000008 0.000013 
-0.000008 0.000013 
-0.000008 0.000014 
-0.000009 0.000014 
-0.000009 0.000014 
-0.000009 0.000014 
-0.000009 0.000014 
-0.000009 0.000014 
-0.000009 0.000014 
-0.000009 0.000014 
-0.000009 0.000014 
-0.000009 0.000014 
-0.000010 0.000014 
-0.000010 0.000015 
-0.000010 0.000015 
-0.000010 0.000015 
-0.000010 0.000015 
-0.000010 0.000015 
-0.000010 0.000015 
-0.000011 0.000015 
-0.000011 0.000015 
-0.000011 0.000015 
-0.000011 0.000015 
-0.000011 0.000016 
-0.000011 0.000016 
-0.000011 0.000016 
-0.000012 0.000016 
-0.000012 0.000016 
-0.000012 0.000016 
-0.000012 0.000016 
-0.000012 0.000016 
-0.000012 0.000016 
-0.000012 0.000016 
-0.000013 0.000017 
-0.000013 0.000017 
-0.000013 0.000017 
-0.000013 0.000017 
-0.000013 0.000017 
-0.000013 0.000017 
-0.000014 0.000017 
-0.000014 0.000017 
-0.000014 0.000017 
-0.000014 0.000018 
-0.000014 0.000018 
-0.000015 0.000018 
-0.000015 0.000018 
-0.000015 0.000018 
-0.000015 0.000018 
-0.000015 0.000018 
-0.000015 0.000018 
-0.000016 0.000018 
-0.000016 0.000019 
-0.000016 0.000019 
-0.000016 0.000019 
-0.000016 0.000019 
-0.000017 0.000019 
-0.000017 0.000019 
-0.000017 0.000019 
-0.000017 0.000019 
-0.000017 0.000020 
-0.000018 0.000020 
-0.000018 0.000020 
-0.000018 0.000020 
-0.000018 0.000020 
-0.000019 0.000020 
-0.000019 0.000020 
-0.000019 0.000020 
-0.000019 0.000021 
-0.000020 0.000021 
-0.000020 0.000021 
-0.000020 0.000021 
-0.000020 0.000021 
-0.000021 0.000021 
-0.000021 0.000021 
-0.000021 0.000021 
-0.000021 0.000022 
-0.000022 0.000022 
-0.000022 0.000022 
-0.000022 0.000022 
-0.000022 0.000022 
-0.000023 0.000022 
-0.000023 0.000022 
-0.000023 0.000023 
-0.000024 0.000023 
-0.000024 0.000023 
-0.000024 0.000023 
-0.000024 0.000023 
-0.000025 0.000023 
-0.000025 0.000023 
-0.000025 0.000024 
-0.000026 0.000024 
-0.000026 0.000024 
-0.000026 0.000024 
-0.000027 0.000024 
-0.000027 0.000024 
-0.000027 0.000024 
-0.000028 0.000025 
-0.000028 0.000025 
-0.000028 0.000025 
-0.000029 0.000025 
-0.000029 0.000025 
-0.000029 0.000025 
-0.000030 0.000025 
-0.000030 0.000026 
-0.000030 0.000026 
-0.000031 0.000026 
-0.000031 0.000026 
-0.000032 0.000026 
-0.000032 0.000026 
-0.000032 0.000027 
-0.000033 0.000027 
-0.000033 0.000027 
-0.000034 0.000027 
-0.000034 0.000027 
-0.000035 0.000027 
-0.000035 0.000028 
-0.000035 0.000028 
-0.000036 0.000028 
-0.000036 0.000028 
-0.000037 0.000028 
-0.000037 0.000029 
-0.000038 0.000029 
-0.000038 0.000029 
-0.000039 0.000029 
-0.000039 0.000029 
-0.000040 0.000029 
-0.000040 0.000030 
-0.000041 0.000030 
-0.000041 0.000030 
-0.000042 0.000030 
-0.000042 0.000030 
-0.000043 0.000031 
-0.000044 0.000031 
-0.000044 0.000031 
-0.000045 0.000031 
-0.000045 0.000031 
-0.000046 0.000032 
-0.000046 0.000032 
-0.000047 0.000032 
-0.000048 0.000032 
-0.000048 0.000033 
-0.000049 0.000033 
-0.000050 0.000033 
-0.000050 0.000033 
-0.000051 0.000033 
-0.000052 0.000034 
-0.000052 0.000034 
-0.000053 0.000034 
-0.000054 0.000034 
-0.000055 0.000035 
-0.000055 0.000035 
-0.000056 0.000035 
-0.000057 0.000035 
-0.000058 0.000036 
-0.000058 0.000036 
-0.000059 0.000036 
-0.000060 0.000036 
-0.000061 0.000037 
-0.000062 0.000037 
-0.000063 0.000037 
-0.000064 0.000037 
-0.000064 0.000038 
-0.000065 0.000038 
-0.000066 0.000038 
-0.000067 0.000038 
-0.000068 0.000039 
-0.000069 0.000039 
-0.000070 0.000039 
-0.000071 0.000040 
-0.000072 0.000040 
-0.000073 0.000040 
-0.000075 0.000040 
-0.000076 0.000041 
-0.000077 0.000041 
-0.000078 0.000041 
-0.000079 0.000042 
-0.000080 0.000042 
-0.000081 0.000042 
-0.000083 0.000043 
-0.000084 0.000043 
-0.000085 0.000043 
-0.000087 0.000044 
-0.000088 0.000044 
-0.000089 0.000044 
-0.000091 0.000045 
-0.000092 0.000045 
-0.000094 0.000045 
-0.000095 0.000046 
-0.000097 0.000046 
-0.000098 0.000046 
-0.000100 0.000047 
-0.000101 0.000047 
-0.000103 0.000048 
-0.000105 0.000048 
-0.000106 0.000048 
-0.000108 0.000049 
-0.000110 0.000049 
-0.000112 0.000050 
-0.000114 0.000050 
-0.000116 0.000050 
-0.000118 0.000051 
-0.000120 0.000051 
-0.000122 0.000052 
-0.000124 0.000052 
-0.000126 0.000053 
-0.000128 0.000053 
-0.000131 0.000054 
-0.000133 0.000054 
-0.000135 0.000055 
-0.000138 0.000055 
-0.000140 0.000056 
-0.000143 0.000056 
-0.000145 0.000057 
-0.000148 0.000057 
-0.000151 0.000058 
-0.000154 0.000058 
-0.000157 0.000059 
-0.000160 0.000059 
-0.000163 0.000060 
-0.000166 0.000061 
-0.000169 0.000061 
-0.000172 0.000062 
-0.000176 0.000062 
-0.000179 0.000063 
-0.000183 0.000064 
-0.000187 0.000064 
-0.000191 0.000065 
-0.000195 0.000066 
-0.000199 0.000066 
-0.000203 0.000067 
-0.000207 0.000068 
-0.000211 0.000068 
-0.000216 0.000069 
-0.000221 0.000070 
-0.000226 0.000071 
-0.000231 0.000072 
-0.000236 0.000072 
-0.000241 0.000073 
-0.000247 0.000074 
-0.000252 0.000075 
-0.000258 0.000076 
-0.000264 0.000077 
-0.000271 0.000078 
-0.000277 0.000079 
-0.000284 0.000079 
-0.000291 0.000080 
-0.000298 0.000081 
-0.000305 0.000083 
-0.000313 0.000084 
-0.000321 0.000085 
-0.000330 0.000086 
-0.000338 0.000087 
-0.000347 0.000088 
-0.000357 0.000089 
-0.000366 0.000091 
-0.000376 0.000092 
-0.000387 0.000093 
-0.000398 0.000094 
-0.000409 0.000096 
-0.000421 0.000097 
-0.000434 0.000099 
-0.000447 0.000100 
-0.000460 0.000102 
-0.000474 0.000103 
-0.000489 0.000105 
-0.000505 0.000107 
-0.000521 0.000109 
-0.000538 0.000110 
-0.000556 0.000112 
-0.000574 0.000114 
-0.000594 0.000116 
-0.000615 0.000118 
-0.000636 0.000121 
-0.000659 0.000123 
-0.000684 0.000125 
-0.000709 0.000128 
-0.000736 0.000130 
-0.000765 0.000133 
-0.000795 0.000135 
-0.000827 0.000138 
-0.000861 0.000141 
-0.000898 0.000144 
-0.000936 0.000148 
-0.000978 0.000151 
-0.001022 0.000155 
-0.001069 0.000159 
-0.001119 0.000162 
-0.001173 0.000167 
-0.001232 0.000171 
-0.001294 0.000176 
-0.001362 0.000181 
-0.001436 0.000186 
-0.001515 0.000192 
-0.001602 0.000198 
-0.001696 0.000204 
-0.001800 0.000211 
-0.001913 0.000218 
-0.002038 0.000226 
-0.002176 0.000235 
-0.002329 0.000244 
-0.002500 0.000254 
-0.002691 0.000265 
-0.002907 0.000277 
-0.003151 0.000291 
-0.003429 0.000306 
-0.003748 0.000323 
-0.004118 0.000342 
-0.004550 0.000364 
-0.005061 0.000389 
-0.005672 0.000418 
-0.006414 0.000453 
-0.007332 0.000496 
-0.008492 0.000548 
-0.009998 0.000614 
-0.012024 0.000702 
-0.014876 0.000822 
-0.019160 0.001000 
-0.026241 0.001289 
-0.039928 0.001839 
-0.075766 0.003256 
-0.314948 0.012568 
1.323592 -0.048751 
-1.211208 0.040891 
1.286504 -0.039482 
-1.229617 0.033960 
1.276451 -0.031335 
-1.236274 0.026554 
1.272262 -0.023422 
-1.239464 0.019015 
1.270208 -0.015589 
-1.241100 0.011423 
1.269220 -0.007788 
-1.241812 0.003810 
