0.708289 0.000000 
-0.707197 -0.002170 
0.703929 0.004319 
-0.698516 -0.006429 
0.691008 0.008480 
-0.681473 -0.010454 
0.669998 0.012335 
-0.656685 -0.014105 
0.641653 0.015752 
-0.625032 -0.017263 
0.606964 0.018627 
-0.587602 -0.019838 
0.567104 0.020888 
-0.545633 -0.021773 
0.523357 0.022493 
-0.500442 -0.023046 
0.477056 0.023436 
-0.453360 -0.023667 
0.429514 0.023743 
-0.405667 -0.023674 
0.381963 0.023466 
-0.358535 -0.023131 
0.335506 0.022680 
-0.312989 -0.022122 
0.291083 0.021472 
-0.269876 -0.020740 
0.249442 0.019940 
-0.229844 -0.019083 
0.211134 0.018182 
-0.193348 -0.017248 
0.176515 0.016292 
-0.160651 -0.015325 
0.145761 0.014356 
-0.131844 -0.013394 
0.118888 0.012447 
-0.106875 -0.011520 
0.095779 0.010622 
-0.085571 -0.009755 
0.076215 0.008926 
-0.067673 -0.008136 
0.059903 0.007388 
-0.052861 -0.006685 
0.046504 0.006026 
-0.040784 -0.005412 
0.035658 0.004843 
-0.031081 -0.004318 
0.027007 0.003837 
-0.023395 -0.003397 
0.020203 0.002997 
-0.017393 -0.002635 
0.014928 0.002308 
-0.012773 -0.002015 
0.010895 0.001753 
-0.009265 -0.001520 
0.007854 0.001313 
-0.006637 -0.001131 
0.005592 0.000970 
-0.004697 -0.000830 
0.003933 0.000707 
-0.003283 -0.000601 
0.002732 0.000509 
-0.002266 -0.000429 
0.001874 0.000361 
-0.001545 -0.000302 
0.001270 0.000253 
-0.001041 -0.000210 
0.000850 0.000175 
-0.000692 -0.000144 
0.000562 0.000119 
-0.000455 -0.000098 
0.000367 0.000080 
-0.000295 -0.000065 
0.000237 0.000053 
-0.000189 -0.000043 
0.000151 0.000035 
-0.000120 -0.000028 
0.000095 0.000023 
-0.000075 -0.000018 
0.000059 0.000014 
-0.000046 -0.000011 
0.000036 0.000009 
-0.000028 -0.000007 
0.000022 0.000006 
-0.000017 -0.000004 
0.000013 0.000003 
-0.000010 -0.000003 
0.000008 0.000002 
-0.000006 -0.000002 
0.000005 0.000001 
-0.000003 -0.000001 
0.000003 0.000001 
-0.000002 -0.000001 
0.000001 0.000000 
-0.000001 -0.000000 
0.000001 0.000000 
-0.000001 -0.000000 
0.000000 0.000000 
-0.000000 -0.000000 
0.000000 0.000000 
-0.000000 -0.000000 
0.000000 0.000000 
-0.000000 -0.000000 
0.000000 0.000000 
-0.000000 -0.000000 
0.000000 0.000000 
-0.000000 -0.000000 
0.000000 0.000000 
-0.000000 -0.000000 
0.000000 0.000000 
-0.000000 -0.000000 
0.000000 0.000000 
-0.000000 -0.000000 
0.000000 0.000000 
-0.000000 -0.000000 
0.000000 0.000000 
-0.000000 -0.000000 
0.000000 0.000000 
-0.000000 -0.000000 
0.000000 0.000000 
-0.000000 -0.000000 
0.000000 0.000000 
-0.000000 -0.000000 
0.000000 0.000000 
-0.000000 -0.000000 
0.000000 0.000000 
-0.000000 -0.000000 
0.000000 0.000000 
-0.000000 -0.000000 
0.000000 0.000000 
-0.000000 -0.000000 
0.000000 0.000000 
-0.000000 -0.000000 
0.000000 0.000000 
-0.000000 -0.000000 
0.000000 0.000000 
-0.000000 -0.000000 
0.000000 0.000000 
-0.000000 -0.000000 
0.000000 0.000000 
-0.000000 -0.000000 
0.000000 0.000000 
-0.000000 -0.000000 
0.000000 0.000000 
-0.000000 -0.000000 
0.000000 0.000000 
-0.000000 -0.000000 
0.000000 0.000000 
-0.000000 -0.000000 
0.000000 0.000000 
-0.000000 -0.000000 
0.000000 0.000000 
-0.000000 -0.000000 
0.000000 0.000000 
-0.000000 -0.000000 
0.000000 0.000000 
-0.000000 -0.000000 
0.000000 0.000000 
-0.000000 0.000000 
0.000000 0.000000 
-0.000000 -0.000000 
-0.000000 -0.000000 
0.000000 -0.000000 
0.000000 -0.000000 
0.000000 0.000000 
-0.000000 0.000000 
-0.000000 0.000000 
0.000000 0.000000 
-0.000000 0.000000 
-0.000000 -0.000000 
0.000000 0.000000 
0.000000 0.000000 
-0.000000 0.000000 
-0.000000 0.000000 
-0.000000 -0.000000 
0.000000 -0.000000 
-0.000000 -0.000000 
-0.000000 -0.000000 
-0.000000 0.000000 
0.000000 -0.000000 
-0.000000 -0.000000 
-0.000000 0.000000 
-0.000000 0.000000 
-0.000000 0.000000 
-0.000000 0.000000 
0.000000 0.000000 
0.000000 0.000000 
-0.000000 0.000000 
0.000000 -0.000000 
0.000000 0.000000 
0.000000 -0.000000 
0.000000 -0.000000 
-0.000000 -0.000000 
0.000000 0.000000 
-0.000000 0.000000 
0.000000 0.000000 
-0.000000 0.000000 
0.000000 -0.000000 
0.000000 -0.000000 
-0.000000 0.000000 
-0.000000 -0.000000 
-0.000000 -0.000000 
0.000000 0.000000 
0.000000 0.000000 
-0.000000 -0.000000 
0.000000 -0.000000 
-0.000000 -0.000000 
0.000000 0.000000 
-0.000000 -0.000000 
0.000000 0.000000 
0.000000 0.000000 
-0.000000 0.000000 
-0.000000 -0.000000 
-0.000000 0.000000 
-0.000000 0.000000 
-0.000000 0.000000 
0.000000 -0.000000 
-0.000000 -0.000000 
0.000000 0.000000 
0.000000 -0.000000 
-0.000000 -0.000000 
-0.000000 0.000000 
-0.000000 -0.000000 
-0.000000 -0.000000 
0.000000 0.000000 
0.000000 0.000000 
-0.000000 -0.000000 
0.000000 -0.000000 
-0.000000 -0.000000 
0.000000 -0.000000 
-0.000000 -0.000000 
0.000000 0.000000 
-0.000000 -0.000000 
0.000000 0.000000 
-0.000000 -0.000000 
0.000000 0.000000 
-0.000000 -0.000000 
0.000000 0.000000 
-0.000000 -0.000000 
0.000000 0.000000 
-0.000000 -0.000000 
0.000000 0.000000 
0.000000 0.000000 
0.000000 0.000000 
-0.000000 -0.000000 
0.000000 0.000000 
-0.000000 -0.000000 
0.000000 -0.000000 
-0.000000 -0.000000 
0.000000 -0.000000 
0.000000 0.000000 
0.000000 -0.000000 
-0.000000 -0.000000 
-0.000000 -0.000000 
-0.000000 -0.000000 
0.000000 0.000000 
-0.000000 -0.000000 
0.000000 0.000000 
-0.000000 -0.000000 
0.000000 0.000000 
0.000000 0.000000 
0.000000 0.000000 
0.000000 -0.000000 
0.000000 0.000000 
0.000000 -0.000000 
0.000000 0.000000 
-0.000000 -0.000000 
0.000000 0.000000 
-0.000000 -0.000000 
0.000000 0.000000 
-0.000000 -0.000000 
-0.000000 -0.000000 
-0.000000 0.000000 
0.000000 -0.000000 
-0.000000 0.000000 
0.000000 0.000000 
-0.000000 -0.000000 
0.000000 0.000000 
-0.000000 -0.000000 
0.000000 0.000000 
-0.000000 -0.000000 
0.000000 0.000000 
-0.000000 -0.000000 
0.000000 0.000000 
-0.000000 -0.000000 
-0.000000 -0.000000 
0.000000 -0.000000 
0.000000 0.000000 
-0.000000 0.000000 
-0.000000 -0.000000 
-0.000000 0.000000 
-0.000000 0.000000 
-0.000000 -0.000000 
-0.000000 0.000000 
0.000000 -0.000000 
0.000000 0.000000 
-0.000000 0.000000 
0.000000 0.000000 
0.000000 -0.000000 
-0.000000 -0.000000 
0.000000 -0.000000 
-0.000000 0.000000 
0.000000 0.000000 
-0.000000 -0.000000 
-0.000000 0.000000 
0.000000 -0.000000 
-0.000000 0.000000 
0.000000 0.000000 
0.000000 -0.000000 
0.000000 0.000000 
-0.000000 0.000000 
-0.000000 -0.000000 
0.000000 -0.000000 
-0.000000 -0.000000 
0.000000 -0.000000 
-0.000000 -0.000000 
-0.000000 0.000000 
0.000000 -0.000000 
-0.000000 -0.000000 
0.000000 -0.000000 
0.000000 -0.000000 
-0.000000 -0.000000 
0.000000 0.000000 
0.000000 -0.000000 
0.000000 0.000000 
-0.000000 0.000000 
0.000000 0.000000 
-0.000000 -0.000000 
0.000000 0.000000 
-0.000000 -0.000000 
-0.000000 0.000000 
-0.000000 -0.000000 
-0.000000 0.000000 
0.000000 -0.000000 
0.000000 0.000000 
-0.000000 -0.000000 
-0.000000 0.000000 
-0.000000 -0.000000 
-0.000000 0.000000 
-0.000000 -0.000000 
-0.000000 0.000000 
0.000000 0.000000 
-0.000000 0.000000 
-0.000000 -0.000000 
0.000000 0.000000 
-0.000000 -0.000000 
0.000000 -0.000000 
-0.000000 0.000000 
0.000000 0.000000 
0.000000 0.000000 
-0.000000 0.000000 
0.000000 -0.000000 
-0.000000 0.000000 
-0.000000 -0.000000 
-0.000000 -0.000000 
0.000000 -0.000000 
-0.000000 0.000000 
-0.000000 0.000000 
-0.000000 0.000000 
-0.000000 0.000000 
-0.000000 -0.000000 
0.000000 -0.000000 
-0.000000 0.000000 
0.000000 0.000000 
-0.000000 -0.000000 
-0.000000 0.000000 
-0.000000 0.000000 
-0.000000 -0.000000 
0.000000 -0.000000 
-0.000000 -0.000000 
-0.000000 -0.000000 
0.000000 -0.000000 
-0.000000 0.000000 
-0.000000 -0.000000 
-0.000000 -0.000000 
0.000000 0.000000 
0.000000 0.000000 
0.000000 0.000000 
-0.000000 0.000000 
0.000000 0.000000 
-0.000000 0.000000 
-0.000000 0.000000 
-0.000000 0.000000 
0.000000 -0.000000 
-0.000000 0.000000 
-0.000000 -0.000000 
0.000000 -0.000000 
-0.000000 -0.000000 
0.000000 0.000000 
-0.000000 -0.000000 
-0.000000 0.000000 
-0.000000 0.000000 
-0.000000 -0.000000 
-0.000000 0.000000 
0.000000 0.000000 
0.000000 -0.000000 
0.000000 -0.000000 
-0.000000 0.000000 
-0.000000 0.000000 
-0.000000 -0.000000 
0.000000 -0.000000 
-0.000000 -0.000000 
0.000000 -0.000000 
0.000000 -0.000000 
0.000000 -0.000000 
0.000000 -0.000000 
-0.000000 -0.000000 
-0.000000 -0.000000 
-0.000000 0.000000 
0.000000 0.000000 
0.000000 -0.000000 
-0.000000 -0.000000 
-0.000000 0.000000 
-0.000000 -0.000000 
0.000000 0.000000 
0.000000 -0.000000 
0.000000 0.000000 
-0.000000 -0.000000 
-0.000000 0.000000 
-0.000000 -0.000000 
0.000000 0.000000 
-0.000000 -0.000000 
0.000000 0.000000 
-0.000000 0.000000 
0.000000 0.000000 
-0.000000 -0.000000 
-0.000000 -0.000000 
-0.000000 -0.000000 
-0.000000 -0.000000 
0.000000 0.000000 
-0.000000 -0.000000 
0.000000 -0.000000 
0.000000 0.000000 
0.000000 0.000000 
-0.000000 0.000000 
0.000000 -0.000000 
0.000000 0.000000 
-0.000000 -0.000000 
-0.000000 -0.000000 
0.000000 0.000000 
0.000000 0.000000 
-0.000000 -0.000000 
-0.000000 -0.000000 
0.000000 0.000000 
0.000000 0.000000 
0.000000 -0.000000 
0.000000 0.000000 
0.000000 0.000000 
0.000000 0.000000 
-0.000000 -0.000000 
0.000000 0.000000 
0.000000 0.000000 
0.000000 0.000000 
0.000000 -0.000000 
-0.000000 -0.000000 
-0.000000 0.000000 
-0.000000 0.000000 
0.000000 -0.000000 
0.000000 0.000000 
-0.000000 0.000000 
-0.000000 -0.000000 
-0.000000 0.000000 
-0.000000 0.000000 
0.000000 0.000000 
0.000000 0.000000 
0.000000 -0.000000 
-0.000000 0.000000 
0.000000 0.000000 
-0.000000 0.000000 
-0.000000 0.000000 
-0.000000 -0.000000 
0.000000 -0.000000 
0.000000 0.000000 
0.000000 -0.000000 
-0.000000 -0.000000 
-0.000000 0.000000 
0.000000 0.000000 
-0.000000 0.000000 
-0.000000 0.000000 
0.000000 0.000000 
0.000000 -0.000000 
0.000000 0.000000 
0.000000 -0.000000 
-0.000000 0.000000 
-0.000000 -0.000000 
0.000000 0.000000 
-0.000000 -0.000000 
0.000000 -0.000000 
0.000000 -0.000000 
-0.000000 0.000000 
0.000000 0.000000 
-0.000000 0.000000 
-0.000000 -0.000000 
-0.000000 -0.000000 
-0.000000 -0.000000 
-0.000000 0.000000 
0.000000 -0.000000 
-0.000000 0.000000 
0.000000 -0.000000 
-0.000000 0.000000 
0.000000 0.000000 
0.000000 0.000000 
0.000000 -0.000000 
-0.000000 0.000000 
0.000000 -0.000000 
0.000000 0.000000 
0.000000 -0.000000 
0.000000 -0.000000 
-0.000000 -0.000000 
0.000000 0.000000 
-0.000000 -0.000000 
-0.000000 -0.000000 
0.000000 0.000000 
0.000000 0.000000 
0.000000 0.000000 
-0.000000 -0.000000 
0.000000 0.000000 
0.000000 0.000000 
0.000000 -0.000000 
0.000000 0.000000 
0.000000 0.000000 
0.000000 -0.000000 
0.000000 0.000000 
0.000000 0.000000 
0.000000 0.000000 
0.000000 -0.000000 
0.000000 0.000000 
0.000000 -0.000000 
0.000000 0.000000 
0.000000 0.000000 
0.000000 0.000000 
-0.000000 -0.000000 
0.000000 0.000000 
0.000000 0.000000 
0.000000 0.000000 
-0.000000 -0.000000 
0.000000 -0.000000 
0.000000 0.000000 
0.000000 0.000000 
-0.000000 -0.000000 
0.000000 -0.000000 
0.000000 0.000000 
0.000000 0.000000 
-0.000000 -0.000000 
0.000000 0.000000 
0.000000 -0.000000 
0.000000 0.000000 
-0.000000 -0.000000 
-0.000000 0.000000 
-0.000000 -0.000000 
-0.000000 0.000000 
-0.000000 -0.000000 
0.000000 -0.000000 
0.000000 -0.000000 
0.000000 -0.000000 
-0.000000 -0.000000 
0.000000 0.000000 
-0.000000 0.000000 
0.000000 -0.000000 
0.000000 0.000000 
0.000000 0.000000 
0.000000 -0.000000 
-0.000000 -0.000000 
0.000000 -0.000000 
0.000000 -0.000000 
0.000000 -0.000000 
0.000000 0.000000 
0.000000 -0.000000 
0.000000 -0.000000 
0.000000 0.000000 
-0.000000 0.000000 
0.000000 -0.000000 
0.000000 -0.000000 
0.000000 -0.000000 
-0.000000 -0.000000 
-0.000000 -0.000000 
-0.000000 0.000000 
-0.000000 0.000000 
0.000000 -0.000000 
0.000000 0.000000 
0.000000 -0.000000 
0.000000 0.000000 
-0.000000 0.000000 
-0.000000 -0.000000 
0.000000 -0.000000 
0.000000 0.000000 
0.000000 -0.000000 
-0.000000 0.000000 
-0.000000 0.000000 
0.000000 -0.000000 
0.000000 -0.000000 
0.000000 0.000000 
0.000000 -0.000000 
-0.000000 0.000000 
-0.000000 -0.000000 
0.000000 0.000000 
0.000000 -0.000000 
0.000000 -0.000000 
0.000000 -0.000000 
0.000000 0.000000 
0.000000 0.000000 
0.000000 -0.000000 
-0.000000 0.000000 
0.000000 0.000000 
0.000000 -0.000000 
-0.000000 -0.000000 
0.000000 -0.000000 
0.000000 0.000000 
-0.000000 -0.000000 
-0.000000 0.000000 
-0.000000 -0.000000 
-0.000000 0.000000 
0.000000 -0.000000 
0.000000 0.000000 
-0.000000 -0.000000 
-0.000000 0.000000 
0.000000 -0.000000 
0.000000 0.000000 
-0.000000 -0.000000 
0.000000 0.000000 
0.000000 -0.000000 
0.000000 0.000000 
0.000000 -0.000000 
0.000000 0.000000 
0.000000 0.000000 
-0.000000 0.000000 
0.000000 0.000000 
0.000000 0.000000 
0.000000 -0.000000 
-0.000000 0.000000 
-0.000000 0.000000 
0.000000 -0.000000 
0.000000 0.000000 
-0.000000 -0.000000 
-0.000000 -0.000000 
0.000000 0.000000 
-0.000000 -0.000000 
0.000000 0.000000 
-0.000000 -0.000000 
0.000000 0.000000 
-0.000000 -0.000000 
-0.000000 0.000000 
-0.000000 0.000000 
-0.000000 0.000000 
0.000000 -0.000000 
-0.000000 -0.000000 
-0.000000 -0.000000 
-0.000000 -0.000000 
-0.000000 0.000000 
0.000000 -0.000000 
-0.000000 -0.000000 
-0.000000 -0.000000 
0.000000 0.000000 
-0.000000 -0.000000 
-0.000000 0.000000 
0.000000 -0.000000 
0.000000 0.000000 
-0.000000 0.000000 
0.000000 0.000000 
0.000000 0.000000 
-0.000000 -0.000000 
0.000000 0.000000 
0.000000 0.000000 
-0.000000 -0.000000 
-0.000000 0.000000 
0.000000 -0.000000 
-0.000000 -0.000000 
-0.000000 -0.000000 
0.000000 -0.000000 
0.000000 0.000000 
-0.000000 0.000000 
0.000000 0.000000 
0.000000 0.000000 
-0.000000 0.000000 
0.000000 -0.000000 
0.000000 0.000000 
-0.000000 -0.000000 
-0.000000 -0.000000 
-0.000000 -0.000000 
-0.000000 -0.000000 
-0.000000 -0.000000 
-0.000000 0.000000 
0.000000 0.000000 
-0.000000 -0.000000 
0.000000 -0.000000 
-0.000000 -0.000000 
-0.000000 0.000000 
-0.000000 0.000000 
0.000000 -0.000000 
0.000000 -0.000000 
-0.000000 -0.000000 
-0.000000 0.000000 
0.000000 -0.000000 
-0.000000 0.000000 
-0.000000 -0.000000 
0.000000 -0.000000 
-0.000000 0.000000 
-0.000000 0.000000 
0.000000 0.000000 
-0.000000 -0.000000 
0.000000 -0.000000 
-0.000000 0.000000 
0.000000 -0.000000 
0.000000 0.000000 
-0.000000 -0.000000 
-0.000000 0.000000 
0.000000 -0.000000 
0.000000 0.000000 
0.000000 -0.000000 
0.000000 0.000000 
0.000000 0.000000 
0.000000 0.000000 
0.000000 -0.000000 
-0.000000 0.000000 
0.000000 -0.000000 
-0.000000 0.000000 
0.000000 -0.000000 
0.000000 0.000000 
0.000000 0.000000 
-0.000000 0.000000 
-0.000000 -0.000000 
-0.000000 0.000000 
-0.000000 -0.000000 
-0.000000 0.000000 
0.000000 -0.000000 
-0.000000 0.000000 
-0.000000 -0.000000 
-0.000000 0.000000 
0.000000 0.000000 
0.000000 0.000000 
0.000000 0.000000 
0.000000 0.000000 
0.000000 0.000000 
0.000000 -0.000000 
0.000000 0.000000 
-0.000000 -0.000000 
-0.000000 -0.000000 
-0.000000 0.000000 
-0.000000 -0.000000 
-0.000000 -0.000000 
-0.000000 0.000000 
-0.000000 -0.000000 
-0.000000 0.000000 
-0.000000 -0.000000 
0.000000 0.000000 
0.000000 -0.000000 
0.000000 0.000000 
0.000000 -0.000000 
-0.000000 0.000000 
0.000000 -0.000000 
-0.000000 0.000000 
0.000000 -0.000000 
-0.000000 -0.000000 
0.000000 0.000000 
-0.000000 0.000000 
0.000000 -0.000000 
0.000000 0.000000 
0.000000 0.000000 
-0.000000 0.000000 
0.000000 -0.000000 
-0.000000 -0.000000 
0.000000 -0.000000 
-0.000000 -0.000000 
0.000000 -0.000000 
-0.000000 0.000000 
0.000000 -0.000000 
-0.000000 0.000000 
0.000000 -0.000000 
-0.000000 -0.000000 
0.000000 0.000000 
0.000000 -0.000000 
0.000000 -0.000000 
-0.000000 0.000000 
-0.000000 0.000000 
0.000000 -0.000000 
-0.000000 -0.000000 
0.000000 -0.000000 
0.000000 -0.000000 
0.000000 0.000000 
-0.000000 -0.000000 
-0.000000 0.000000 
0.000000 0.000000 
-0.000000 -0.000000 
0.000000 -0.000000 
0.000000 0.000000 
0.000000 -0.000000 
0.000000 0.000000 
0.000000 0.000000 
-0.000000 0.000000 
0.000000 -0.000000 
-0.000000 -0.000000 
-0.000000 -0.000000 
-0.000000 0.000000 
-0.000000 0.000000 
-0.000000 0.000000 
0.000000 -0.000000 
-0.000000 0.000000 
0.000000 -0.000000 
-0.000000 0.000000 
0.000000 0.000000 
-0.000000 0.000000 
0.000000 -0.000000 
-0.000000 0.000000 
0.000000 0.000000 
-0.000000 0.000000 
-0.000000 -0.000000 
0.000000 0.000000 
-0.000000 -0.000000 
-0.000000 0.000000 
0.000000 -0.000000 
-0.000000 0.000000 
0.000000 -0.000000 
0.000000 0.000000 
0.000000 -0.000000 
-0.000000 0.000000 
0.000000 -0.000000 
-0.000000 -0.000000 
0.000000 -0.000000 
-0.000000 -0.000000 
-0.000000 -0.000000 
-0.000000 0.000000 
0.000000 -0.000000 
-0.000000 0.000000 
-0.000000 -0.000000 
-0.000000 -0.000000 
-0.000000 -0.000000 
0.000000 0.000000 
-0.000000 -0.000000 
-0.000000 0.000000 
-0.000000 -0.000000 
-0.000000 0.000000 
0.000000 -0.000000 
0.000000 -0.000000 
0.000000 -0.000000 
-0.000000 -0.000000 
0.000000 -0.000000 
-0.000000 -0.000000 
0.000000 -0.000000 
0.000000 0.000000 
0.000000 -0.000000 
0.000000 -0.000000 
-0.000000 0.000000 
-0.000000 -0.000000 
0.000000 -0.000000 
-0.000000 0.000000 
0.000000 -0.000000 
-0.000000 0.000000 
0.000000 0.000000 
0.000000 0.000000 
0.000000 -0.000000 
0.000000 0.000000 
0.000000 0.000000 
-0.000000 0.000000 
-0.000000 -0.000000 
-0.000000 -0.000000 
-0.000000 -0.000000 
-0.000000 0.000000 
-0.000000 0.000000 
0.000000 -0.000000 
-0.000000 -0.000000 
-0.000000 -0.000000 
-0.000000 0.000000 
0.000000 0.000000 
0.000000 -0.000000 
0.000000 0.000000 
-0.000000 0.000000 
0.000000 0.000000 
0.000000 -0.000000 
-0.000000 -0.000000 
0.000000 -0.000000 
-0.000000 0.000000 
0.000000 -0.000000 
-0.000000 0.000000 
0.000000 -0.000000 
-0.000000 0.000000 
0.000000 -0.000000 
-0.000000 0.000000 
0.000000 -0.000000 
-0.000000 0.000000 
0.000000 -0.000000 
-0.000000 0.000000 
0.000000 -0.000000 
-0.000000 0.000000 
0.000000 -0.000000 
-0.000000 0.000000 
0.000000 -0.000000 
-0.000000 0.000000 
0.000000 -0.000000 
-0.000000 0.000000 
0.000000 -0.000000 
-0.000000 0.000000 
0.000000 -0.000000 
-0.000000 0.000000 
0.000000 -0.000000 
-0.000000 0.000000 
0.000000 -0.000000 
-0.000000 0.000000 
0.000000 -0.000000 
-0.000000 0.000000 
0.000000 -0.000000 
-0.000000 0.000000 
0.000000 -0.000000 
-0.000000 0.000000 
0.000000 -0.000000 
-0.000000 0.000000 
0.000000 -0.000000 
-0.000000 0.000000 
0.000000 -0.000000 
-0.000000 0.000000 
0.000000 -0.000000 
-0.000000 0.000000 
0.000000 -0.000000 
-0.000000 0.000000 
0.000000 -0.000000 
-0.000000 0.000000 
0.000000 -0.000000 
-0.000000 0.000000 
0.000000 -0.000000 
-0.000000 0.000000 
0.000000 -0.000000 
-0.000000 0.000000 
0.000000 -0.000000 
-0.000000 0.000000 
0.000000 -0.000000 
-0.000000 0.000000 
0.000000 -0.000000 
-0.000000 0.000000 
0.000000 -0.000000 
-0.000000 0.000000 
0.000000 -0.000000 
-0.000001 0.000000 
0.000001 -0.000000 
-0.000001 0.000000 
0.000001 -0.000000 
-0.000002 0.000001 
0.000003 -0.000001 
-0.000003 0.000001 
0.000005 -0.000001 
-0.000006 0.000002 
0.000008 -0.000002 
-0.000010 0.000003 
0.000013 -0.000003 
-0.000017 0.000004 
0.000022 -0.000006 
-0.000028 0.000007 
0.000036 -0.000009 
-0.000046 0.000011 
0.000059 -0.000014 
-0.000075 0.000018 
0.000095 -0.000023 
-0.000120 0.000028 
0.000151 -0.000035 
-0.000189 0.000043 
0.000237 -0.000053 
-0.000295 0.000065 
0.000367 -0.000080 
-0.000455 0.000098 
0.000562 -0.000119 
-0.000692 0.000144 
0.000850 -0.000175 
-0.001041 0.000210 
0.001270 -0.000253 
-0.001545 0.000302 
0.001874 -0.000361 
-0.002266 0.000429 
0.002732 -0.000509 
-0.003283 0.000601 
0.003933 -0.000707 
-0.004697 0.000830 
0.005592 -0.000970 
-0.006637 0.001131 
0.007854 -0.001313 
-0.009265 0.001520 
0.010895 -0.001753 
-0.012773 0.002015 
0.014928 -0.002308 
-0.017393 0.002635 
0.020203 -0.002997 
-0.023395 0.003397 
0.027007 -0.003837 
-0.031081 0.004318 
0.035658 -0.004843 
-0.040784 0.005412 
0.046504 -0.006026 
-0.052861 0.006685 
0.059903 -0.007388 
-0.067673 0.008136 
0.076215 -0.008926 
-0.085571 0.009755 
0.095779 -0.010622 
-0.106875 0.011520 
0.118888 -0.012447 
-0.131844 0.013394 
0.145761 -0.014356 
-0.160651 0.015325 
0.176515 -0.016292 
-0.193348 0.017248 
0.211134 -0.018182 
-0.229844 0.019083 
0.249442 -0.019940 
-0.269876 0.020740 
0.291083 -0.021472 
-0.312989 0.022122 
0.335506 -0.022680 
-0.358535 0.023131 
0.381963 -0.023466 
-0.405667 0.023674 
0.429514 -0.023743 
-0.453360 0.023667 
0.477056 -0.023436 
-0.500442 0.023046 
0.523357 -0.022493 
-0.545633 0.021773 
0.567104 -0.020888 
-0.587602 0.019838 
0.606964 -0.018627 
-0.625032 0.017263 
0.641653 -0.015752 
-0.656685 0.014105 
0.669998 -0.012335 
-0.681473 0.010454 
0.691008 -0.008480 
-0.698516 0.006429 
0.703929 -0.004319 
-0.707197 0.002170 
